image: /home/shweta/avitra_ws/src/auto_nav/map/bcr_1_2_0.235.pgm
resolution: 0.023500
origin: [-10.011000, -10.011000, 0.000000]
negate: 0
occupied_thresh: 0.65
free_thresh: 0.196

