image: /home/shweta/avitra_ws/src/auto_nav/map/bcr_1_2_0.024.pgm
resolution: 0.024000
origin: [-10.008000, -10.008000, 0.000000]
negate: 0
occupied_thresh: 0.65
free_thresh: 0.196

